0 4
-4.423128 5.204082
-4.31437 5.007908
-4.146937 4.768707
-3.939709 4.490051
-3.711563 4.17551
-3.481378 3.828657
-3.268026 3.453062
-3.090389 3.052296
-2.967347 2.629932
-2.917771 2.189541
-2.960544 1.734694
-3.135339 1.230731
-3.444625 0.6546941
-3.851461 0.02770424
-4.318911 -0.6291153
-4.810033 -1.294643
-5.287891 -1.947755
-5.715544 -2.56733
-6.056054 -3.132245
-6.272482 -3.621378
-6.32789 -4.013606
-6.176485 -4.337645
-5.837236 -4.57182
-5.357873 -4.73167
-4.786128 -4.832732
-4.169729 -4.890541
-3.556412 -4.920635
-2.993904 -4.938551
-2.529939 -4.959827
-2.212245 -5
